[gd_scene load_steps=7 format=2]

[ext_resource path="res://scenes/player/player.tscn" type="PackedScene" id=1]
[ext_resource path="res://scenes/_animations/textures/green_material.tres" type="Material" id=2]
[ext_resource path="res://scenes/_animations/textures/orange_material.tres" type="Material" id=3]
[ext_resource path="res://scenes/_animations/textures/black_material.tres" type="Material" id=4]
[ext_resource path="res://scenes/tools/scythe/scythe.tscn" type="PackedScene" id=5]
[ext_resource path="res://scenes/_animations/textures/grey_material.tres" type="Material" id=6]

[node name="Animations" type="Spatial"]

[node name="Player" parent="." instance=ExtResource( 1 )]

[node name="DirectionalLight" type="DirectionalLight" parent="."]
transform = Transform( 0.5, -0.433013, 0.75, 0, 0.866025, 0.5, -0.866025, -0.25, 0.433013, 0, 3.04491, 0 )
light_energy = 0.0
light_indirect_energy = 0.0
shadow_enabled = true

[node name="Obstacles" type="Spatial" parent="."]

[node name="ground" type="CSGBox" parent="Obstacles"]
transform = Transform( 1, 0, 0, 0, 1, 0, 0, 0, 1, 0, -0.05, 0 )
use_collision = true
width = 50.0
height = 0.1
depth = 50.0
material = ExtResource( 2 )

[node name="CSGBox" type="CSGBox" parent="Obstacles"]
transform = Transform( 1, 0, 0, 0, 1, 0, 0, 0, 1, 3, 1, 1 )
snap = 1.0
use_collision = true
material = ExtResource( 6 )

[node name="WheatField" type="CSGBox" parent="Obstacles"]
transform = Transform( 1, 0, 0, 0, 1, 0, 0, 0, 1, -4.978, 0.4, -6 )
snap = 1.0
height = 0.8
material = ExtResource( 3 )

[node name="CSGRamp" type="CSGBox" parent="Obstacles"]
transform = Transform( 1, 0, 0, 0, 0.866025, -0.5, 0, 0.5, 0.866025, 3, 0.548591, -6.63628 )
snap = 1.0
use_collision = true
depth = 6.0
material = ExtResource( 4 )

[node name="Scythe" parent="Obstacles" instance=ExtResource( 5 )]
transform = Transform( 0.25, 0.258819, -0.933013, -0.0669873, 0.965926, 0.25, 0.965926, 0, 0.258819, 0.7339, 0.708038, 1 )
